napewno 1 722 096 23710 86101 431452 11726 2153 3519 87302 6421 69 712 14,14% ortograficzny
dzień dzisiejszy 2 480 731 12992 41879 172696 4460 6961 1700 22459 7785 209 799 9,42% leksykalny
na prawdę 3 458 744 27312 111985 158960 10478 6159 2819 48505 12329 80 197 8,98% ortograficzny
wogóle / wogule 4 384 536 17992 44091 197787 12868 673 505 55017 5979 49 624 7,53% ortograficzny
narazie 5 255 817 21104 75963 90173 10726 711 1890 27826 5022 22 402 5,01% ortograficzny
po za tym / pozatym 6 178 201 11892 26533 76649 6011 524 301 27254 4269 24 768 3,49% ortograficzny
na codzień / nacodzień 7 139 777 8851 50657 44242 3092 620 3387 11662 3329 13 937 2,74% ortograficzny
niewiem 8 129 854 6229 18448 60872 3985 323 571 21677 1688 16 061 2,54% ortograficzny
conajmniej 9 110 349 4642 28180 45971 846 1210 616 7159 3806 17 919 2,16% ortograficzny
wziąść 10 96 680 3902 13122 50270 990 285 641 10550 1156 15 764 1,89% fleksyjny
muj 11 83 249 420 34863 6663 2415 14 22 36322 622 1 908 1,63% ortograficzny
na przeciwko / na przeciw 12 80 998 2025 16692 36931 509 1383 726 3204 1415 18 113 1,59% ortograficzny
jusz 13 79 077 320 10550 43784 2619 60 11 14582 974 6 177 1,55% ortograficzny
ktury 14 62 762 648 13448 27712 2724 36 40 13448 502 4 204 1,23% ortograficzny
z przed / zprzed 15 61 955 4261 10428 22669 946 319 320 8156 2173 12 683 1,21% ortograficzny
dopuki / do póki / do puki 16 57 697 2057 6030 30315 1111 110 65 6975 1197 9 837 1,13% ortograficzny
złodzieji 17 56 117 294 7755 34979 322 28 4 4315 411 8 009 1,10% ortograficzny
spowrotem 18 53 071 3364 16673 18859 1467 102 203 5152 1528 5 723 1,04% ortograficzny
żądzić 19 49 195 1465 8620 19482 1087 375 115 4406 1196 12 449 0,96% ortograficzny
apropo / a propo 20 48 400 4033 6986 19557 370 409 205 9670 1235 5 935 0,95% ortograficzny
trwać nadal 21 45 545 468 4793 16978 87 365 121 1017 683 21 033 0,89% leksykalny
nota bene 22 45 363 1251 5121 11055 144 1526 42 1145 847 24 232 0,89% ortograficzny
orginalny 23 44 736 4700 6042 10094 984 174 368 16578 1444 4 352 0,88% ortograficzny
nie nawidze 24 42 825 342 3130 5591 540 20 27 31500 226 1 449 0,84% ortograficzny
bende 25 40 507 438 5791 17380 667 97 9 11673 360 4 092 0,79% ortograficzny
pod rząd 26 39 769 3430 16536 7872 1313 221 216 3787 1323 5 071 0,78% składniowy
nonstop / non-stop 27 38 682 6034 7628 5509 502 189 127 1978 1211 15 504 0,76% ortograficzny
rzaden 28 36 908 1368 1830 24861 758 216 50 2338 747 4 740 0,72% ortograficzny
okres czasu 29 35 586 3447 6245 5672 1139 536 264 1861 1314 15 108 0,70% leksykalny
półtora godziny 30 35 158 633 1076 4937 109 941 34 0 0 27 428 0,69% składniowy
dlatego bo 31 34 156 1993 10128 8581 932 251 122 4424 1903 5 822 0,67% składniowy
alkochol 32 31 546 543 1886 22652 150 15 38 2909 244 3 109 0,62% ortograficzny
muzg 33 31 508 208 6954 16731 256 18 1 3802 277 3 261 0,62% ortograficzny
puźniej / puźno 34 31 484 600 5191 14693 886 23 16 6280 220 3 575 0,62% ortograficzny
pieniendze / piniondze 35 30 727 746 5298 14449 240 118 19 3713 1308 4 836 0,60% ortograficzny
komętarz / komętasz 36 30 533 183 1213 20106 75 61 155 6845 157 1 738 0,60% ortograficzny
kartka papieru 37 30 241 732 2818 7887 247 713 233 1112 852 15 647 0,59% leksykalny
krutki/krutko 38 29 152 124 1110 3377 216 19 8 23350 79 869 0,57% ortograficzny
przedewszystkim 39 27 563 1123 2423 15344 506 87 202 3672 565 3 641 0,54% ortograficzny
conieco / co nie co 40 27 492 1374 1992 8792 230 715 271 5508 730 7 880 0,54% ortograficzny
na wzajem 41 25 731 595 4690 14068 210 38 60 3204 341 2 525 0,50% ortograficzny
cuż / cusz 42 24 577 432 12394 8722 133 11 21 1058 135 1 671 0,48% ortograficzny
ludzią 43 23 405 248 3277 14364 372 20 18 2698 248 2 160 0,46% fleksyjny
żygać 44 22 103 292 2844 13437 176 8 7 2441 352 2 546 0,43% ortograficzny
dzienkuję / dzienki 45 21 985 194 5379 6526 489 5 14 8518 178 682 0,43% ortograficzny
z poza 46 20 405 1175 3808 6437 252 95 65 1962 874 5 737 0,40% ortograficzny
nienajlepszy 47 19 635 696 1536 4164 309 426 74 1327 0 11 103 0,38% ortograficzny
jaki kolwiek / jaka kolwiek 48 17 913 704 3082 9033 465 24 33 2961 244 1 367 0,35% ortograficzny
co kolwiek 49 17 477 445 1541 10594 399 13 34 2651 222 1 578 0,34% ortograficzny
terz 50 17 256 242 1019 6097 646 193 1 7081 79 1 898 0,34% ortograficzny
doktór / doktur 51 17 141 298 7766 3821 139 52 14 877 747 3 427 0,34% fleksyjny
durzy / durza / durzo 52 16 802 222 600 7669 1317 45 4 3749 114 3 082 0,33% ortograficzny
misz masz 53 16 546 983 862 6846 285 693 282 4189 0 2 406 0,32% ortograficzny
z tąd 54 15 556 471 3548 6885 212 21 12 2473 141 1 793 0,30% ortograficzny
coniemiara / co nie miara 55 15 358 541 1010 9225 216 746 170 887 212 2 351 0,30% ortograficzny
w śród 56 15 172 371 1717 7908 114 91 39 1363 290 3 279 0,30% ortograficzny
chumor 57 15 067 144 1443 4389 177 27 139 8015 92 641 0,30% ortograficzny
pierszy / piersza 58 14 909 641 1731 3400 245 59 48 6683 262 1 840 0,29% fleksyjny
invitro 59 14 568 1011 3487 5323 12 19 236 286 2087 2 107 0,29% ortograficzny
z tamtąd 60 14 271 639 3091 6040 267 84 19 1960 233 1 938 0,29% ortograficzny
dziecią 61 14 205 338 773 10477 266 12 33 976 94 1 236 0,28% fleksyjny
nisz 62 14 189 294 957 5295 578 215 11 2540 143 4 156 0,28% ortograficzny
karzdy 63 14 085 122 452 8239 578 33 7 2878 0 1 776 0,28% ortograficzny
dźwi / dżwi 64 13 747 792 993 6956 197 17 19 3305 200 1 268 0,27% ortograficzny
twuj 65 13 240 50 5417 1650 92 23 8 5618 114 268 0,26% ortograficzny
świerzy 66 13 095 608 1733 6241 281 28 125 1336 226 2 517 0,26% ortograficzny
kupywać 67 13 022 634 3319 3550 728 11 7 3263 259 1 251 0,26% fleksyjny
bochater 68 11 522 135 1353 5624 121 13 6 1598 103 2 569 0,23% ortograficzny
w każdym bądź razie 69 11 320 2166 1899 3371 203 117 74 1172 309 2 009 0,22% leksykalny
szczelać / sczelać 70 10 591 329 1171 5546 208 13 16 1235 434 1 639 0,21% ortograficzny
lubiałem/lubiałam 71 9 984 386 1172 5092 154 29 29 1708 177 1 237 0,20% fleksyjny
wiencej 72 9 747 90 1164 1860 825 3 5 5040 70 690 0,19% ortograficzny
abstrachując 73 9 640 227 855 1960 15 158 4 4324 511 1 586 0,19% ortograficzny
chajs 74 9 505 179 1169 4182 369 9 4 2351 322 920 0,19% ortograficzny
derektor 75 9 197 62 7031 864 89 5 1 281 40 824 0,18% fleksyjny
dla czemu 76 8 556 237 958 5583 46 26 34 1021 157 494 0,17% składniowy
fakt autentyczny 77 8 537 85 596 4406 27 22 11 2524 323 543 0,17% leksykalny
ogulnie 78 8 529 168 1648 1221 2938 2 1 2297 61 193 0,17% ortograficzny
uwarzac 79 8 472 124 3011 3216 135 9 8 1053 119 797 0,17% ortograficzny
pomuż / pomusz 80 8 058 350 3308 2245 194 4 9 1129 542 277 0,16% ortograficzny
z pośród 81 7 761 416 1472 1808 176 132 170 828 200 2 559 0,15% ortograficzny
po lewo / po prawo 82 7 652 532 2861 2209 24 33 47 1148 261 537 0,15% składniowy
półtorej roku 83 7 369 562 1978 2163 131 45 47 754 372 1 317 0,14% składniowy
dlatego ponieważ 84 6 925 193 965 1871 86 71 27 455 0 3 257 0,14% składniowy
w gurę 85 6 456 67 765 212 62 0 1 5198 33 118 0,13% ortograficzny
akwen wodny 86 6 434 71 355 1402 4 219 19 121 0 4 243 0,13% leksykalny
wieczur 87 6 245 25 4214 521 18 2 21 569 588 287 0,12% ortograficzny
mienso 88 5 951 62 465 823 11 74 7 3811 53 645 0,12% ortograficzny
gdzie kolwiek 89 5 755 137 583 3816 75 6 12 583 0 543 0,11% ortograficzny
pożądek 90 5 662 100 532 2938 344 4 12 738 60 934 0,11% ortograficzny
poszłem 91 5 458 162 2446 1246 83 58 3 833 92 535 0,11% fleksyjny
mażenia 92 5 451 51 243 1857 91 6 75 2671 31 426 0,11% ortograficzny
ja rozumie 93 4 977 142 359 3242 34 79 12 295 65 749 0,10% fleksyjny
picca 94 4 927 264 1295 2187 18 5 42 481 317 318 0,10% ortograficzny
przezemnie / prze ze mnie 95 4 875 516 1034 1580 211 18 92 841 116 467 0,10% ortograficzny
nadwyraz 96 4 738 122 500 1582 49 96 100 799 73 1 417 0,09% ortograficzny
urzywać 97 4 611 176 351 1668 248 18 6 1269 84 791 0,09% ortograficzny
karnister 98 4 576 89 754 1292 20 3 4 592 61 1 761 0,09% fleksyjny
włanczam 99 4 322 227 659 1421 478 59 8 934 62 474 0,08% ortograficzny
szczeże 100 4 320 130 318 1775 294 53 4 1379 40 327 0,08% ortograficzny
swuj 101 4 305 45 1326 1172 178 1 0 1269 25 289 0,08% ortograficzny
przedemną 102 4 206 317 1147 1530 41 6 55 603 141 366 0,08% ortograficzny
w cudzysłowiu 103 3 988 157 643 1819 27 19 8 515 126 674 0,08% fleksyjny
udeżać 104 3 956 170 335 2033 64 5 0 664 92 593 0,08% ortograficzny
czym kolwiek 105 3 631 119 446 2123 69 5 4 383 37 445 ortograficzny
przekonywujący 106 3 626 306 662 936 81 38 7 347 90 1 159 0,07% fleksyjny
charować 107 3 584 50 356 1824 116 2 1 243 42 950 0,07% ortograficzny
weszłem 108 3 119 141 623 440 266 5 4 1328 75 237 0,06% fleksyjny
spadać w dół 109 3 114 276 745 798 88 21 59 360 110 657 0,06% leksykalny
wyłanczać/m 110 3 060 167 265 1195 387 3 0 574 32 437 0,06% ortograficzny
kościuł 111 3 032 28 177 1787 7 0 6 320 47 660 0,06% ortograficzny
powarzny 112 2 950 33 166 2096 15 0 1 320 37 282 0,06% ortograficzny
zdjencie 113 2 862 42 1696 508 58 4 9 270 43 232 0,06% ortograficzny
wuzek 114 2 847 55 220 1641 59 0 1 661 33 177 0,06% ortograficzny
kszta 115 2 791 128 477 1344 23 5 8 202 90 514 0,05% ortograficzny
nastempny 116 2 788 23 91 1160 45 4 1 1276 15 173 0,05% ortograficzny
po najmniejszej linii oporu 117 2 750 392 468 669 49 58 14 308 150 642 0,05% leksykalny
brzytki / brzytka brzytko 118 2 484 24 144 1376 51 4 2 515 12 356 0,05% ortograficzny
serji 119 2 451 16 60 219 21 0 4 2034 6 91 0,05% ortograficzny
porzyczka 120 2 408 18 59 476 34 0 0 1555 11 255 0,05% ortograficzny
do czekać 121 2 331 61 328 953 39 21 9 551 17 352 0,05% ortograficzny
jak kolwiek 122 2 326 74 590 854 48 2 5 592 39 122 0,05% ortograficzny
przenica 123 2 322 164 136 579 18 29 21 1046 47 282 0,05% ortograficzny
ksiondz 124 2 071 34 246 410 1 1 0 367 45 967 0,04% ortograficzny
swetr 125 2 000 127 546 817 8 19 57 304 10 112 0,04% fleksyjny
wyszłem 126 1 903 72 599 484 81 2 7 403 44 211 0,04% fleksyjny
umię 127 1 900 103 230 915 43 7 4 362 25 211 0,04% fleksyjny
perfuma 128 1 836 114 479 538 86 13 56 182 91 277 0,04% fleksyjny
bezemnie 129 1 806 76 460 957 8 0 2 128 66 109 0,04% ortograficzny
cofać do tyłu 130 1 717 79 203 878 22 5 7 184 35 304 0,03% leksykalny
filmuw 131 1 677 3 188 33 69 6 0 1354 3 21 0,03% ortograficzny
samochud 132 1 637 20 203 394 54 0 6 805 15 140 0,03% ortograficzny
wzięłem 133 1 589 131 256 473 24 2 7 313 59 324 0,03% fleksyjny
poniewarz 134 1 471 54 95 305 252 3 0 565 13 184 0,03% ortograficzny
ubrać kurtkę, sukienkę, itd. 135 1 364 52 924 202 7 3 14 36 13 113 0,03% składniowy
z na przeciwka / znaprzeciwka 136 1 359 18 964 202 2 2 2 63 39 67 0,03% ortograficzny
coprawda 137 1 343 137 115 538 31 2 6 106 49 359 0,03% ortograficzny
języczek uwagi 138 1 305 17 353 178 4 8 1 34 51 659 0,03% leksykalny
wudka 139 1 266 21 516 320 8 1 2 225 59 114 0,02% ortograficzny
prze piękny 140 1 205 15 125 321 40 16 27 626 0 35 0,02% ortograficzny
półtorej tygodnia 141 1 097 129 534 201 31 1 13 77 28 83 0,02% składniowy
konfort 142 1 012 96 152 444 20 4 10 151 23 112 0,02% fleksyjny
ważywa 143 1 001 31 159 331 14 3 10 302 36 115 0,02% ortograficzny
naczczo / nadczo 144 883 192 91 403 0 0 20 83 12 82 0,02% ortograficzny
naogół / na ogul 145 700 38 117 277 23 5 0 68 22 150 0,01% ortograficzny
supskrybować 146 695 4 3 6 8 1 1 668 0 4 0,01% ortograficzny
bez wypadkowy 147 655 30 12 471 7 0 2 47 8 78 0,01% ortograficzny
tendy 148 635 46 63 263 9 3 4 67 15 165 0,01% ortograficzny
wdodatku 149 463 11 22 219 22 0 1 101 4 83 0,01% ortograficzny
w woli ścisłości 150 388 17 49 208 3 0 0 65 7 39 0,01% leksykalny
tamtendy 151 283 25 20 133 0 0 0 45 4 56 0,01% ortograficzny
zmenczenie 152 256 1 85 77 1 0 1 58 2 31 0,01% ortograficzny
kawałek torta 153 212 21 51 101 1 0 1 14 0 23 0,00% fleksyjny
wciąż kontynuuje 154 212 9 19 9 0 5 3 2 0 165 0,00% leksykalny
naniby 155 209 1 103 39 3 0 6 47 0 10 0,00% ortograficzny
wizawi 156 140 15 20 65 1 4 1 18 3 13 0,00% ortograficzny
obkoło / na obkoło 157 90 4 19 55 0 0 0 4 0 8 0,00% ortograficzny
którendy 158 22 0 0 4 0 3 0 2 0 13 0,00% ortografi
